Extrinsics:
R: 0.99091 -0.01497 0.13369 0.00081 0.99444 0.10535 -0.13452 -0.10428 0.98541
T: -0.07262 0.01449 0.73588

Depth:
fx_fy: 169.04962240079072 170.56984633268621 
cx_cy: 278.69863968003267 222.83817676984870

Color:
fx_fy: 1025.2993314922890 1027.2507427913031
cx_cy: 953.02267027332630 535.72673469250060

